version https://git-lfs.github.com/spec/v1
oid sha256:f0af250467159d8b3cd96dd1739493beb5efe763acecda542c6db4efab74420a
size 3108
