version https://git-lfs.github.com/spec/v1
oid sha256:ed28e5447c95a3e8ce570f9b4b498cf009de8684224a456fb3e554dd51b8fcc8
size 13674
