version https://git-lfs.github.com/spec/v1
oid sha256:5236a5dc7055b698a9601e32cb39a9d82c0d80f960ce2d1382320b9652a5b2ad
size 1635
