version https://git-lfs.github.com/spec/v1
oid sha256:53bc89a3c6693627a90513d8f86ecb8be77df4527114f83445ccd2b9b5978e90
size 2467
