version https://git-lfs.github.com/spec/v1
oid sha256:5e8d187127656a846ba97f35390a00b2377f5f515363d057b82325cf8c4124b3
size 18296
