version https://git-lfs.github.com/spec/v1
oid sha256:30fd9b8d2964b78bca06eeae025e34e4829652bea8903fb154a87802f2fff381
size 2216
